K <- 8
V <- 7
T <- 10
w <- c(1,2,3,4,5,6,3,1,2,7)
z <- c(1,2,3,4,5,6,3,1,7,8)
alpha <- c(0.5,0.5,0.5,0.5,0.5,0.5,0.5,0.5)
beta <- c(0.5,0.5,0.5,0.5,0.5,0.5,0.5)
